{"generatedAt":"2025-10-25T06:40:43.127Z","analysisDates":["2024-11-12","2024-11-13","2024-11-14","2024-11-15","2024-11-18","2024-11-19","2024-11-20","2024-11-21","2024-11-22","2024-11-25","2024-11-26","2024-11-27","2024-11-29","2024-12-02","2024-12-03","2024-12-04","2024-12-05","2024-12-06","2024-12-09","2024-12-10","2024-12-11","2024-12-12","2024-12-13","2024-12-16","2024-12-17","2024-12-18","2024-12-19","2024-12-20","2024-12-23","2024-12-24","2024-12-26","2024-12-27","2024-12-30","2024-12-31","2025-01-02","2025-01-03","2025-01-06","2025-01-07","2025-01-08","2025-01-10","2025-01-13","2025-01-14","2025-01-15","2025-01-16","2025-01-17","2025-01-21","2025-01-22","2025-01-23","2025-01-24","2025-01-27","2025-01-28","2025-01-29","2025-01-30","2025-01-31","2025-02-03","2025-02-04","2025-02-05","2025-02-06","2025-02-07","2025-02-10","2025-02-11","2025-02-12","2025-02-13","2025-02-14","2025-02-18","2025-02-19","2025-02-20","2025-02-21","2025-02-24","2025-02-25","2025-02-26","2025-02-27","2025-02-28","2025-03-03","2025-03-04","2025-03-05","2025-03-06","2025-03-07","2025-03-10","2025-03-11","2025-03-12","2025-03-13","2025-03-14","2025-03-17","2025-03-18","2025-03-19","2025-03-20","2025-03-21","2025-03-24","2025-03-25","2025-03-26","2025-03-27","2025-03-28","2025-03-31","2025-04-01","2025-04-02","2025-04-03","2025-04-04","2025-04-07","2025-04-08","2025-04-09","2025-04-10","2025-04-11","2025-04-14","2025-04-15","2025-04-16","2025-04-17","2025-04-21","2025-04-22","2025-04-23","2025-04-24","2025-04-25","2025-04-28","2025-04-29","2025-04-30","2025-05-01","2025-05-02","2025-05-05","2025-05-06","2025-05-07","2025-05-08","2025-05-09","2025-05-12","2025-05-13","2025-05-14","2025-05-15","2025-05-16","2025-05-19","2025-05-20","2025-05-21","2025-05-22","2025-05-23","2025-05-27","2025-05-28","2025-05-29","2025-05-30","2025-06-02","2025-06-03","2025-06-04","2025-06-05","2025-06-06","2025-06-09","2025-06-10","2025-06-11","2025-06-12","2025-06-13","2025-06-16","2025-06-17","2025-06-18","2025-06-20","2025-06-23","2025-06-24","2025-06-25","2025-06-26","2025-06-27","2025-06-30","2025-07-01","2025-07-02","2025-07-03","2025-07-07","2025-07-08","2025-07-09","2025-07-10","2025-07-11","2025-07-14","2025-07-15","2025-07-16","2025-07-17","2025-07-18","2025-07-21","2025-07-22","2025-07-23","2025-07-24","2025-07-25","2025-07-28","2025-07-29","2025-07-30","2025-07-31","2025-08-01","2025-08-04","2025-08-05","2025-08-06","2025-08-07","2025-08-08","2025-08-11","2025-08-12","2025-08-13","2025-08-14","2025-08-15","2025-08-18","2025-08-19","2025-08-20","2025-08-21","2025-08-22","2025-08-25","2025-08-26","2025-08-27","2025-08-28","2025-08-29","2025-09-02","2025-09-03","2025-09-04","2025-09-05","2025-09-08","2025-09-09","2025-09-10","2025-09-11","2025-09-12","2025-09-15","2025-09-16","2025-09-17","2025-09-18","2025-09-19","2025-09-22","2025-09-23","2025-09-24","2025-09-25","2025-09-26","2025-09-29","2025-09-30","2025-10-01","2025-10-02","2025-10-03","2025-10-06","2025-10-07","2025-10-08","2025-10-09","2025-10-10","2025-10-13","2025-10-14","2025-10-15","2025-10-16","2025-10-17","2025-10-20","2025-10-21","2025-10-22","2025-10-23","2025-10-24"],"normalizedPrices":{"QQQ":[1,0.9987132245423175,0.9917724357099686,0.968142559123433,0.9748688853795013,0.9815757150377259,0.9810103137002594,0.9845391979099648,0.9861184223353026,0.9876781501627966,0.9929812247762766,0.9851630890409624,0.9938195784835547,1.004640190286795,1.0077206527460958,1.020178978768205,1.017351972080872,1.0264568832738687,1.0184632781579614,1.0149928837417872,1.0331637129320934,1.0264958764695562,1.0343530054005576,1.0492484061531262,1.044627712464175,1.006940788832349,1.0024565713283031,1.0112105437601138,1.0194186114523016,1.033241699323468,1.0325398218010957,1.0188142169191476,1.0052640814177927,0.9967245715622625,0.9947749117778949,1.0110545709773646,1.0226745432921955,1.0044257277105144,1.0046011970911077,0.9888479460334172,0.985670000584898,0.9847341638884015,1.0073892105827535,1.0003314421633427,1.0172154958959663,1.023181454836131,1.036263671989238,1.0384667875455733,1.032598311594627,1.002534557719678,1.017351972080872,1.0154413054921918,1.0197695502134878,1.0182878087773684,1.0101382308787117,1.02253806710729,1.0271782573940849,1.0325398218010957,1.01951609444152,1.031857440876567,1.029400869548264,1.0300052640814177,1.0448226784426118,1.049209412957439,1.0515879978943674,1.0518804468620226,1.0474157259558208,1.025677019360122,1.0135696320991987,1.0007993605115908,1.0032169386442065,0.9753563003255932,0.9907586126220975,0.9690783958199295,0.966153906143378,0.9787487083503928,0.951823906728276,0.9588231853541558,0.9216626698641088,0.9194595543077734,0.9298317443606091,0.9131036634107348,0.9351738121697765,0.9412372540991597,0.9251915540738143,0.9375718937045486,0.9343939482560294,0.9374744107153302,0.9566200697978204,0.9620791171940497,0.9443762063519916,0.938995145347137,0.9142734592813555,0.9142344660856682,0.9216041800705778,0.928330506326646,0.8786336784231152,0.8240627010586653,0.8260513540387203,0.8111754498839953,0.9085414595153146,0.8698992025891482,0.8859254060166502,0.8919303581525024,0.8929246846425299,0.865999883020413,0.8658439102376636,0.8444171492074634,0.8665847809557233,0.886237351582149,0.911173500224211,0.9213312277007663,0.9210387787331111,0.9271217172603381,0.9270047376732761,0.939112124934199,0.9530521923924276,0.9473981790177615,0.9385857167924199,0.9422705737848747,0.9519993761088691,0.9513754849778715,0.9901347214910999,1.0052250882221054,1.0112495369558012,1.0123608430328908,1.0167670741455617,1.0177419040377456,1.0143494960129458,1.0002534557719678,1.0021251291649609,0.9928447485913708,1.0162016728080951,1.0116979587062058,1.0136866116862606,1.0120878906630795,1.0200814957789868,1.0280556042970501,1.0309216041800706,1.0231619582382874,1.0331637129320934,1.0346844475639003,1.0415277534070306,1.0380183657951687,1.0404554405256283,1.0273927199703654,1.0416837261897798,1.0315259987132246,1.0313505293326315,1.0271392641983976,1.0365366243590495,1.0523873584059582,1.0550778889083854,1.0649431674172858,1.0685890312140534,1.0755103234485583,1.0664444054512487,1.0738726092296893,1.084439765260962,1.0762706907644617,1.0768750852976157,1.084498255054493,1.0829385272269991,1.0805014524965395,1.0844202686631184,1.085414595153146,1.0865259012302353,1.0953188668577334,1.0942660505741748,1.0999395605466846,1.0942465539763313,1.0992376830243122,1.1015772747655534,1.1042288120722934,1.1076797098906241,1.1059640092803806,1.1074457507165,1.1015772747655534,1.0798775613655418,1.099803084361779,1.092335887387651,1.1060809888674428,1.1098243356534285,1.1201770291084205,1.1168626074749957,1.1309001579224425,1.1314655592599092,1.1305882123569437,1.1256165799068063,1.1251681581564017,1.1099023220448032,1.1033124719736407,1.0982043633385974,1.1151469068647522,1.1119299682205457,1.1163946891267476,1.118110389736991,1.1251096683628707,1.112085941003295,1.1027665672340177,1.1114425532744538,1.1215027977617906,1.1231210153828157,1.1285995593768887,1.1317970014232517,1.1321674367822816,1.1387572868534441,1.1437874090971125,1.153574701214638,1.1525998713224541,1.1502992727769006,1.1606714628297363,1.168528591760738,1.1740851221461857,1.1662864830087152,1.162192197461543,1.1571815718157181,1.1619387416895752,1.16731980269443,1.1705172447407928,1.1761322649197716,1.1809674211850034,1.1759957887348658,1.1848277475580513,1.1785888362480748,1.1920999785537425,1.1906572303133105,1.1493244428847167,1.1737146867871557,1.1658965510518415,1.1741241153418729,1.1697763740227332,1.1774580335731415,1.192294944532179,1.1919829989666804,1.180499502836755,1.1904232711391864,1.2031350529332632],"SPY":[1,1.0004858435248787,0.994052605126487,0.98132015412967,0.9853409281286648,0.9889428715027643,0.9892779360026805,0.9945887083263528,0.9976713017255822,1.0010554531747362,1.0062824593734294,1.0032333724241917,1.0094655721226335,1.0112749204221814,1.0117440107220639,1.0180264700954933,1.0163511475959122,1.0182777684704305,1.0130340090467413,1.0098844027475289,1.0176914055955772,1.012447646171888,1.0122466074719385,1.0165689395208577,1.0123806332719048,0.982208075054448,0.9819065170045235,0.9903668956274083,0.9962975372759257,1.007371418998157,1.0074384318981404,0.9968336404757916,0.9854582007036355,0.9818730105545318,0.9794605461551349,0.9917071536270733,0.9974200033506451,0.9861450829284638,0.9875858602781036,0.972507957781873,0.974015748031496,0.9753560060311611,0.9930976713017255,0.991187803652203,1.0011392192997153,1.0103032333724242,1.0159825766460044,1.021527894119618,1.0185458200703636,1.0041380465739655,1.0127659574468084,1.0082258334729435,1.0136371251465908,1.0082425866979394,1.0014575305746356,1.008175573797956,1.0122633606969342,1.0157815379460546,1.0064834980733792,1.0133188138716704,1.0140894622214776,1.0108225833472944,1.0214943876696265,1.0214441279946391,1.0244429552688894,1.0268554196682862,1.0225833472943542,1.005092980398727,1.0005193499748704,0.9955436421511141,0.9960462389009884,0.9801474283799632,0.9954431228011392,0.9780030155804993,0.9664265371083934,0.9768135366057965,0.9594739487351316,0.964851733958787,0.939152286815212,0.9313452839671637,0.9362874853409282,0.9238063327190483,0.9428882559892778,0.9501591556374602,0.9398894287150277,0.9501256491874687,0.9473781202881555,0.944848383313788,0.9617691405595579,0.9640810856089799,0.9525716200368571,0.9500418830624896,0.9309097001172726,0.9371586530407103,0.9398056625900487,0.9457530574635618,0.8991455855252137,0.8465069525883733,0.8449991623387503,0.831764114592059,0.9191154297202212,0.8788406768302899,0.8945216954263697,0.9031998659742001,0.9006701289998326,0.8806500251298375,0.8819065170045234,0.8609147260847714,0.8833137879041716,0.8970011727257496,0.9158820572960296,0.9224995811693751,0.9228513988942872,0.9286647679678339,0.9290333389177416,0.9356173563410958,0.9495057798626235,0.9440609817389848,0.9361702127659574,0.9401072206399732,0.9466577316133356,0.9454514994136373,0.976696264030826,0.9831462556542135,0.9844027475288994,0.9892109231026973,0.995476629251131,0.9965655888758587,0.9932149438766963,0.9764784721058805,0.9768637962807841,0.970196012732451,0.9903668956274083,0.9846372926788407,0.9885240408778689,0.9874183280281454,0.992980398726755,0.9986429887753393,0.9983749371754063,0.9935500083766124,1.0037527223990619,1.0046573965488357,1.0103534930474118,1.007471938348132,1.011475959122131,1.0001675322499581,1.009683364047579,1.0010554531747362,1.000904674149774,0.9956106550510974,1.0054447981236387,1.016552186295862,1.0171217959457195,1.02507957781873,1.0301725582174568,1.0350980063662256,1.0347629418663093,1.0394538448651367,1.0476461718880885,1.0398391690400401,1.0392695593901826,1.0455017590886244,1.0484503266878875,1.044764617188809,1.0467582509633104,1.0422851398894288,1.0457698106885576,1.0521695426369575,1.0513988942871504,1.0533925280616518,1.0535433070866143,1.0625062824593736,1.0628581001842854,1.0673479644831632,1.0670799128832302,1.0642653710839336,1.0629251130842687,1.0589378455352656,1.0415815044396046,1.0574133020606467,1.052052270061987,1.0601105712849723,1.0592226503601945,1.0674819902831294,1.0653710839336572,1.076713017255822,1.0803987267549002,1.0804992461048752,1.0779695091305077,1.0777349639805662,1.0718880884570279,1.06904004020774,1.064751214608812,1.0811023622047244,1.076344446305914,1.0808510638297872,1.0833137879041717,1.0871502764282124,1.0806667783548334,1.0726587368068354,1.0784721058803821,1.0874853409281287,1.0843357346289162,1.0869994974032502,1.089512481152622,1.0926620874518347,1.1017423353995643,1.1013737644496566,1.1072373931981907,1.1057128497235718,1.1043390852739152,1.1094990785726253,1.1119115429720223,1.117172055620707,1.1110906349472274,1.1075557044731112,1.1024459708493886,1.1087619366728096,1.1118780365220304,1.1160663427709834,1.1198693248450329,1.1211593231697103,1.1211425699447144,1.1251633439437092,1.1209917909197522,1.127676327693081,1.1244094488188976,1.0940190986764953,1.1108058301222985,1.109448818897638,1.1143742670464063,1.1067850561233037,1.113067515496733,1.124643993968839,1.1246272407438431,1.1187803652203048,1.1254146423186464,1.134612162841347],"TLT":[1,0.9905140083829693,0.9962497242444297,0.9936024707699096,0.9953673064195897,1.0004412089124202,0.9972424442973749,0.9964703287006398,0.9970218398411649,1.0228325612177367,1.0188616810059563,1.025921023604677,1.0365100375027576,1.0354070152217076,1.026472534745202,1.0375027575557028,1.0395984998896979,1.041142731083168,1.0315464372380323,1.0266931392014118,1.0169865431281713,1.0046326935804104,0.9943745863666447,0.9973527465254799,0.99977939554379,0.9834546657842489,0.9685638649900729,0.9740789763953233,0.9651444959188176,0.9692256783587029,0.9686741672181778,0.9607324067946172,0.9684535627619678,0.9632693580410324,0.9659166115155525,0.9628281491286125,0.9585263622325172,0.9477167438782264,0.9489300683873815,0.942642841385396,0.9423119347010811,0.940767703507611,0.9569821310390471,0.9600705934259873,0.9617251268475623,0.970328700639753,0.9652547981469226,0.957754246635782,0.9620560335318774,0.9734171630266931,0.9727553496580631,0.970769909552173,0.9744098830796383,0.9680123538495479,0.9724244429737481,0.9754026031325834,0.9915067284359145,0.9910655195234943,0.9846679902934039,0.9816898301345688,0.9754026031325834,0.9621663357599824,0.9781601588352086,0.983344363556144,0.971762629605118,0.9729759541142731,0.9766159276417384,0.9884182660489742,0.9912861239797045,1.0083829693359807,1.014339289653651,1.0071696448268255,1.0195234943745866,1.0210677255680565,1.0084932715640857,1.0004412089124202,0.9971321420692699,0.9939333774542246,1.0043017868960953,0.9971321420692699,0.9911758217515995,0.9998896977718951,0.9945951908228546,0.9995587910875801,1.000551511140525,1.0057357158614606,1.0063975292300904,1.0004412089124202,0.9901831016986543,0.9900727994705494,0.9835649680123539,0.9806971100816236,0.9942642841385396,1.0040811824398854,1.0091550849327156,1.0084932715640857,1.013125965144496,1.0241561879549967,0.9932715640855946,0.9745201853077432,0.9802559011692037,0.9532318552834768,0.9584160600044122,0.9652547981469226,0.9686741672181778,0.9740789763953233,0.9654754026031326,0.9485991617030665,0.9538936686521069,0.9631590558129274,0.9733068607985881,0.9804765056254137,0.9866534303992941,0.9949260975071698,0.9868740348555041,0.9782704610633135,0.9676814471652329,0.9622766379880874,0.9654754026031326,0.969556585043018,0.9587469666887272,0.9601808956540923,0.9512464151775866,0.9473858371939113,0.9410986101919259,0.9493712772998014,0.9519082285462166,0.9491506728435914,0.9423119347010811,0.9262078093977498,0.9310611074343702,0.9326053386278403,0.9456210015442312,0.9415398191043459,0.9502536951246416,0.9516876240900066,0.9393337745422458,0.9376792411206707,0.9529009485991617,0.9535627619677918,0.9414295168762409,0.942422236929186,0.9472755349658063,0.9501433928965366,0.9615045223913523,0.9522391352305317,0.942642841385396,0.9541142731083169,0.955768806529892,0.9540039708802117,0.957092433267152,0.9640414736377676,0.9652547981469226,0.970108096183543,0.9639311714096626,0.9734171630266931,0.9722038385175381,0.9660269137436577,0.9592984778292521,0.9501433928965366,0.9489300683873815,0.9588572689168322,0.9595190822854621,0.9462828149128614,0.9442973748069712,0.9376792411206707,0.9390028678579307,0.9387822634017208,0.9402161923670858,0.9485991617030665,0.9543348775645268,0.9490403706154865,0.9473858371939113,0.9533421575115818,0.9471652327377014,0.9631590558129274,0.9581954555482022,0.9587469666887272,0.9686741672181778,0.971321420692698,0.9742995808515332,0.9686741672181778,0.9670196337966027,0.9628281491286125,0.9639311714096626,0.9590778733730422,0.9670196337966027,0.9598499889697771,0.9530112508272668,0.9502536951246416,0.955768806529892,0.9578645488638872,0.9531215530553717,0.9601808956540923,0.957423339951467,0.956871828810942,0.955768806529892,0.9620560335318774,0.9552172953893668,0.9445179792631812,0.9548863887050518,0.9621663357599824,0.9768365320979484,0.9898521950143393,0.984226781380984,0.9898521950143393,0.9964703287006398,0.9921685418045445,0.9944848885947496,0.9965806309287447,0.9940436796823297,0.9837855724685639,0.9819104345907788,0.9783807632914185,0.9852195014339289,0.9814692256783588,0.9814692256783588,0.9805868078535187,0.9886388705051842,0.9857710125744541,0.9848885947496141,0.9877564526803442,0.985881314802559,0.9780498566071035,0.983675270240459,0.9844473858371939,0.983675270240459,0.9995587910875801,0.9990072799470548,1.0022060445621002,1,1.0075005515111406,1.0059563203176705,1.0098168983013458,1.014780498566071,1.0154423119347011,1.0084932715640857,1.0089344804765057],"GLD":[1,0.9899187669235575,0.9873359716725681,0.9855863361799625,1.004332430743595,1.0133305561341386,1.0190377004790667,1.0275359300145803,1.0407831701728807,1.0101228910643616,1.0120808164965631,1.0143303478441992,1.0230785253072276,1.014122057904603,1.0161632993126433,1.0192459904186626,1.0117058946052906,1.0120808164965631,1.0221203915850865,1.0355759216829827,1.0454488648198292,1.0301187252655697,1.0176629868777338,1.0201208081649655,1.0162049573005623,0.9967090189543845,0.9981253905436367,1.0085398875234326,1.0037908769006456,1.0057904603207664,1.0125807123515933,1.0056238283690897,1.0024161632993125,1.00866486148719,1.0223703395126014,1.0143303478441992,1.0130806082066235,1.0187877525515516,1.0242032909810457,1.0339929181420537,1.0237033951260155,1.02907727556759,1.036784003332639,1.0439491772547385,1.0384086648614872,1.054488648198292,1.0599041866277858,1.0584044990626953,1.0649864611539261,1.0539054363674234,1.0630285357217246,1.0589460529056445,1.0749843782545303,1.0771089356384087,1.0828577379712558,1.0935221828785668,1.1003124349093938,1.0973963757550511,1.0993543011872524,1.1179754217871276,1.1138929389710477,1.115059362632785,1.1260570714434492,1.1093105602999376,1.1276817329722972,1.1283066027910853,1.1288898146219537,1.1278483649239741,1.133972089148094,1.1190168714851072,1.1207248489897936,1.1036450739429284,1.096729847948344,1.1111851697563007,1.1208498229535513,1.1231826702770256,1.1174755259320974,1.118058737762966,1.108269110601958,1.1212664028327433,1.1261403874192875,1.1461362216204956,1.1465944594876067,1.152801499687565,1.1662570297854613,1.1710476983961675,1.1695480108310767,1.1601333055613414,1.1549677150593627,1.160049989585503,1.1590918558633618,1.1746302853572173,1.1833368048323265,1.2003332639033533,1.19795875859196,1.200416579879192,1.193168089981254,1.165257238075401,1.1402207873359715,1.1464278275359299,1.1888356592376588,1.2178712768173297,1.2411164340762342,1.234034576129973,1.240491564257446,1.2808581545511353,1.2752343261820454,1.314684440741512,1.296021662153718,1.2649448031660069,1.2833576338262862,1.269443865861279,1.2875234326182043,1.2749843782545303,1.265444699021037,1.2391585086440324,1.24132472401583,1.2784003332639033,1.3142262028744012,1.2945219745886274,1.269027285982087,1.2782337013122265,1.2421995417621328,1.2474901062278692,1.2212455738387837,1.2407415121849612,1.2257446365340554,1.2415330139554257,1.2646531972505726,1.2739845865444699,1.2626952718183713,1.290356175796709,1.2684857321391376,1.265611330972714,1.273109768798167,1.2647365132264112,1.2983545094771922,1.2868569048114977,1.295146844407415,1.2886065403041032,1.271318475317642,1.2773172255780045,1.277692147469277,1.2846073734638617,1.3005623828369088,1.317600499895855,1.2988127473443032,1.29947927515101,1.2924807331805872,1.291939179337638,1.2958966881899603,1.2755259320974797,1.2794001249739637,1.2779837533847114,1.2548219121016455,1.2698604457404705,1.2811914184544886,1.2882732764007498,1.279483440949802,1.2804415746719433,1.2670693605498855,1.2727348469068942,1.2755675900853987,1.2878150385336387,1.2831076858987709,1.2777754634451157,1.2841491355967505,1.2813580504061652,1.2846906894396999,1.3044365757133929,1.3168089981253905,1.3004790668610706,1.2925223911685064,1.2805665486357007,1.2722766090397835,1.2757758800249948,1.2537388044157465,1.2620704019995832,1.2876900645698812,1.2951885023953345,1.296229952093314,1.2934805248906478,1.304394917725474,1.3041033118100396,1.285357217246407,1.2841907935846697,1.288106644449073,1.2799416788169131,1.2806915225994584,1.2786919391793374,1.2716933972089146,1.2845657154759424,1.28010831076859,1.293813788794001,1.2906894397000623,1.3000624869818787,1.3026869402207872,1.3123515934180376,1.3250156217454696,1.3563424286606955,1.3669652155800873,1.3609248073318059,1.3790876900645699,1.394792751510102,1.391626744428244,1.396625702978546,1.3945428035825869,1.397292230785253,1.4118308685690482,1.4146636117475524,1.4037492189127265,1.3981253905436366,1.412955634242866,1.4374088731514267,1.4432826494480315,1.430202041241408,1.4361591335138513,1.4444490731097688,1.4682774421995417,1.480816496563216,1.48314934388669,1.4779837533847116,1.4898562799416788,1.5179337637992083,1.5257654655280148,1.550926890231202,1.5223078525307228,1.5376796500729015,1.575046865236409,1.5862945219745885,1.6137887940012496,1.6515309310560298,1.6204540720683192,1.6794417829618828,1.5715059362632784,1.571672568214955,1.577962924390752,1.5726723599250154],"BTC-USD":[1,1.027925007011382,0.992105110408389,1.034337652465604,1.0282257950009446,1.04998510258881,1.0722177423339672,1.1181758298903066,1.1248202002307481,1.0563929772365512,1.0442334410134646,1.0899156169283208,1.1074014178155318,1.0889126116610097,1.0896126707167786,1.1216647661061008,1.102331527204445,1.1346721427952362,1.1055186531150016,1.0979756672966783,1.1495611482785966,1.136252415646746,1.1521355663282387,1.2051944313783667,1.2056167613425641,1.1376184565691336,1.1060570727035697,1.1105187990789618,1.0764366119413513,1.1199408011070089,1.0867157688671483,1.069704436043534,1.052084484621703,1.0604164709594763,1.1007294449518792,1.114738804592651,1.1617982669023144,1.101170063007587,1.079527072225353,1.075716674525245,1.0735047241775273,1.0965466971649938,1.1417020397355928,1.1356993428668436,1.1825579769417836,1.2058697276766865,1.1775612386967385,1.1805060757924395,1.1910008277349247,1.1593334638111044,1.1505594963300572,1.1784715540095618,1.1897782517788578,1.163295959365451,1.1524928088611597,1.110860138923613,1.0977208835124677,1.0968836069750554,1.0965707783786598,1.1068771970557765,1.087903813271543,1.111626648498224,1.0975727613302961,1.1076112197100645,1.0860104846423764,1.097649321415253,1.1171320455866462,1.092253766466524,1.0394771741331872,1.0062282878609217,0.9554310122640397,0.9612628688245177,0.957543230038179,0.9787093673535758,0.9910777967461512,1.0291734816312024,1.0214279637186985,0.9854780058437836,0.8921943131305204,0.9418311468462186,0.9502927400933919,0.9209182030462054,0.953939680876211,0.9542907895150851,0.9393804289931906,0.9868522252915675,0.9562447755409386,0.9548651037428909,0.994186317940402,0.9930988012439993,0.9873980282711177,0.9907088543782884,0.9584981864687888,0.9375125446652559,0.9674556028180927,0.9370100197159258,0.9447824586078584,0.9525728448194097,0.8989563633641592,0.8661471864225574,0.9381989728453647,0.9036400458315477,0.9471240158649763,0.9608672326584877,0.9499559438739608,0.9544875284871104,0.9650883740784819,0.9941687113926747,1.0619485813836544,1.0648090206408942,1.0680013717204542,1.0758031169950553,1.0795945450598698,1.0708312550980896,1.069825410065016,1.0964333337157552,1.101031823210269,1.0760893653839143,1.1000022377354208,1.102491576402819,1.1728629030380155,1.1698353719633108,1.1677140669387316,1.1828312759987656,1.1761784999516673,1.1789166020998592,1.1756633664423517,1.1997008477155164,1.214093462143594,1.2460839914111852,1.2690632623706162,1.2191638071172028,1.237893198227123,1.2247261131115053,1.1992055925665384,1.18172035963248,1.2029808907618218,1.1977884358604258,1.1899002481160144,1.153742305796655,1.1858633506986904,1.2529177173326693,1.2529073805852942,1.234382225429012,1.2008920726575654,1.2054090040793803,1.2137542805209223,1.1880494023826544,1.1917429153239782,1.1735934043827583,1.1974654976979155,1.2056623111853944,1.2199658705591603,1.2157564289741074,1.216707636913911,1.2173872496561897,1.2007867741430922,1.2368692922838,1.245280792062923,1.229843938968663,1.2376612461596428,1.2640689095288116,1.3180068524683757,1.3356231689900306,1.361539439291658,1.3378890748872359,1.3481126859947183,1.3548373649109229,1.340631266298126,1.3338810294900587,1.3633876724405163,1.3495752789530306,1.3448794422881787,1.3362037307025139,1.3411712761555206,1.3396128127050666,1.338440103035789,1.314937974404169,1.2863994643974592,1.306881218164096,1.2962161938664922,1.306619732532686,1.33486586025649,1.3254185275178414,1.3483416847058054,1.3643731847507305,1.4013179693675604,1.3447970890810665,1.3339738330351771,1.3209086387151174,1.2819405777878294,1.2980682890967876,1.2776708195779813,1.3279730672071461,1.2509479422091767,1.2698070538191273,1.2637322269000109,1.2787448189893549,1.2310761701283224,1.2636723646377375,1.2694481074267487,1.257684434550953,1.257107734919907,1.2730393888006228,1.2670957590597334,1.294751101914309,1.312426144791932,1.3188557152500988,1.310620962492033,1.3271084153277835,1.3231536439363107,1.3303506326941326,1.314136251734103,1.2805820338470546,1.2724105510701773,1.2875290096271468,1.2385436181773635,1.2460584335193228,1.2990800408426473,1.2957023098541123,1.3478660807359037,1.3701451790489354,1.3894224177697547,1.416703365906204,1.3789215319332229,1.4010637535365025,1.3825627931845168,1.2833501239216984,1.3094049747925354,1.2843465409324406,1.2586309852749058,1.2290279038791543,1.2093233372063954,1.2559495648513332,1.2308938571663706,1.22207593011132,1.2508149275808615,1.261334555871426]},"priceSeries":{"QQQ":[512.91,512.25,508.69,496.57,500.02,503.46,503.17,504.98,505.79,506.59,509.31,505.3,509.74,515.29,516.87,523.26,521.81,526.48,522.38,520.6,529.92,526.5,530.53,538.17,535.8,516.47,514.17,518.66,522.87,529.96,529.6,522.56,515.61,511.23,510.23,518.58,524.54,515.18,515.27,507.19,505.56,505.08,516.7,513.08,521.74,524.8,531.51,532.64,529.63,514.21,521.81,520.83,523.05,522.29,518.11,524.47,526.85,529.6,522.92,529.25,527.99,528.3,535.9,538.15,539.37,539.52,537.23,526.08,519.87,513.32,514.56,500.27,508.17,497.05,495.55,502.01,488.2,491.79,472.73,471.6,476.92,468.34,479.66,482.77,474.54,480.89,479.26,480.84,490.66,493.46,484.38,481.62,468.94,468.92,472.7,476.15,450.66,422.67,423.69,416.06,466,446.18,454.4,457.48,457.99,444.18,444.1,433.11,444.48,454.56,467.35,472.56,472.41,475.53,475.47,481.68,488.83,485.93,481.41,483.3,488.29,487.97,507.85,515.59,518.68,519.25,521.51,522.01,520.27,513.04,514,509.24,521.22,518.91,519.93,519.11,523.21,527.3,528.77,524.79,529.92,530.7,534.21,532.41,533.66,526.96,534.29,529.08,528.99,526.83,531.65,539.78,541.16,546.22,548.09,551.64,546.99,550.8,556.22,552.03,552.34,556.25,555.45,554.2,556.21,556.72,557.29,561.8,561.26,564.17,561.25,563.81,565.01,566.37,568.14,567.26,568.02,565.01,553.88,564.1,560.27,567.32,569.24,574.55,572.85,580.05,580.34,579.89,577.34,577.11,569.28,565.9,563.28,571.97,570.32,572.61,573.49,577.08,570.4,565.62,570.07,575.23,576.06,578.87,580.51,580.7,584.08,586.66,591.68,591.18,590,595.32,599.35,602.2,598.2,596.1,593.53,595.97,598.73,600.37,603.25,605.73,603.18,607.71,604.51,611.44,610.7,589.5,602.01,598,602.22,599.99,603.93,611.54,611.38,605.49,610.58,617.1],"SPY":[596.9,597.19,593.35,585.75,588.15,590.3,590.5,593.67,595.51,597.53,600.65,598.83,602.55,603.63,603.91,607.66,606.66,607.81,604.68,602.8,607.46,604.33,604.21,606.79,604.29,586.28,586.1,591.15,594.69,601.3,601.34,595.01,588.22,586.08,584.64,591.95,595.36,588.63,589.49,580.49,581.39,582.19,592.78,591.64,597.58,603.05,606.44,609.75,607.97,599.37,604.52,601.81,605.04,601.82,597.77,601.78,604.22,606.32,600.77,604.85,605.31,603.36,609.73,609.7,611.49,612.93,610.38,599.94,597.21,594.24,594.54,585.05,594.18,583.77,576.86,583.06,572.71,575.92,560.58,555.92,558.87,551.42,562.81,567.15,561.02,567.13,565.49,563.98,574.08,575.46,568.59,567.08,555.66,559.39,560.97,564.52,536.7,505.28,504.38,496.48,548.62,524.58,533.94,539.12,537.61,525.66,526.41,513.88,527.25,535.42,546.69,550.64,550.85,554.32,554.54,558.47,566.76,563.51,558.8,561.15,565.06,564.34,582.99,586.84,587.59,590.46,594.2,594.85,592.85,582.86,583.09,579.11,591.15,587.73,590.05,589.39,592.71,596.09,595.93,593.05,599.14,599.68,603.08,601.36,603.75,597,602.68,597.53,597.44,594.28,600.15,606.78,607.12,611.87,614.91,617.85,617.65,620.45,625.34,620.68,620.34,624.06,625.82,623.62,624.81,622.14,624.22,628.04,627.58,628.77,628.86,634.21,634.42,637.1,636.94,635.26,634.46,632.08,621.72,631.17,627.97,632.78,632.25,637.18,635.92,642.69,644.89,644.95,643.44,643.3,639.81,638.11,635.55,645.31,642.47,645.16,646.63,648.92,645.05,640.27,643.74,649.12,647.24,648.83,650.33,652.21,657.63,657.41,660.91,660,659.18,662.26,663.7,666.84,663.21,661.1,658.05,661.82,663.68,666.18,668.45,669.22,669.21,671.61,669.12,673.11,671.16,653.02,663.04,662.23,665.17,660.64,664.39,671.3,671.29,667.8,671.76,677.25],"TLT":[90.66,89.8,90.32,90.08,90.24,90.7,90.41,90.34,90.39,92.73,92.37,93.01,93.97,93.87,93.06,94.06,94.25,94.39,93.52,93.08,92.2,91.08,90.15,90.42,90.64,89.16,87.81,88.31,87.5,87.87,87.82,87.1,87.8,87.33,87.57,87.29,86.9,85.92,86.03,85.46,85.43,85.29,86.76,87.04,87.19,87.97,87.51,86.83,87.22,88.25,88.19,88.01,88.34,87.76,88.16,88.43,89.89,89.85,89.27,89,88.43,87.23,88.68,89.15,88.1,88.21,88.54,89.61,89.87,91.42,91.96,91.31,92.43,92.57,91.43,90.7,90.4,90.11,91.05,90.4,89.86,90.65,90.17,90.62,90.71,91.18,91.24,90.7,89.77,89.76,89.17,88.91,90.14,91.03,91.49,91.43,91.85,92.85,90.05,88.35,88.87,86.42,86.89,87.51,87.82,88.31,87.53,86,86.48,87.32,88.24,88.89,89.45,90.2,89.47,88.69,87.73,87.24,87.53,87.9,86.92,87.05,86.24,85.89,85.32,86.07,86.3,86.05,85.43,83.97,84.41,84.55,85.73,85.36,86.15,86.28,85.16,85.01,86.39,86.45,85.35,85.44,85.88,86.14,87.17,86.33,85.46,86.5,86.65,86.49,86.77,87.4,87.51,87.95,87.39,88.25,88.14,87.58,86.97,86.14,86.03,86.93,86.99,85.79,85.61,85.01,85.13,85.11,85.24,86,86.52,86.04,85.89,86.43,85.87,87.32,86.87,86.92,87.82,88.06,88.33,87.82,87.67,87.29,87.39,86.95,87.67,87.02,86.4,86.15,86.65,86.84,86.41,87.05,86.8,86.75,86.65,87.22,86.6,85.63,86.57,87.23,88.56,89.74,89.23,89.74,90.34,89.95,90.16,90.35,90.12,89.19,89.02,88.7,89.32,88.98,88.98,88.9,89.63,89.37,89.29,89.55,89.38,88.67,89.18,89.25,89.18,90.62,90.57,90.86,90.66,91.34,91.2,91.55,92,92.06,91.43,91.47],"GLD":[240.05,237.63,237.01,236.59,241.09,243.25,244.62,246.66,249.84,242.48,242.95,243.49,245.59,243.44,243.93,244.67,242.86,242.95,245.36,248.59,250.96,247.28,244.29,244.88,243.94,239.26,239.6,242.1,240.96,241.44,243.07,241.4,240.63,242.13,245.42,243.49,243.19,244.56,245.86,248.21,245.74,247.03,248.88,250.6,249.27,253.13,254.43,254.07,255.65,252.99,255.18,254.2,258.05,258.56,259.94,262.5,264.13,263.43,263.9,268.37,267.39,267.67,270.31,266.29,270.7,270.85,270.99,270.74,272.21,268.62,269.03,264.93,263.27,266.74,269.06,269.62,268.25,268.39,266.04,269.16,270.33,275.13,275.24,276.73,279.96,281.11,280.75,278.49,277.25,278.47,278.24,281.97,284.06,288.14,287.57,288.16,286.42,279.72,273.71,275.2,285.38,292.35,297.93,296.23,297.78,307.47,306.12,315.59,311.11,303.65,308.07,304.73,309.07,306.06,303.77,297.46,297.98,306.88,315.48,310.75,304.63,306.84,298.19,299.46,293.16,297.84,294.24,298.03,303.58,305.82,303.11,309.75,304.5,303.81,305.61,303.6,311.67,308.91,310.9,309.33,305.18,306.62,306.71,308.37,312.2,316.29,311.78,311.94,310.26,310.13,311.08,306.19,307.12,306.78,301.22,304.83,307.55,309.25,307.14,307.37,304.16,305.52,306.2,309.14,308.01,306.73,308.26,307.59,308.39,313.13,316.1,312.18,310.27,307.4,305.41,306.25,300.96,302.96,309.11,310.91,311.16,310.5,313.12,313.05,308.55,308.27,309.21,307.25,307.43,306.95,305.27,308.36,307.29,310.58,309.83,312.08,312.71,315.03,318.07,325.59,328.14,326.69,331.05,334.82,334.06,335.26,334.76,335.42,338.91,339.59,336.97,335.62,339.18,345.05,346.46,343.32,344.75,346.74,352.46,355.47,356.03,354.79,357.64,364.38,366.26,372.3,365.43,369.12,378.09,380.79,387.39,396.45,388.99,403.15,377.24,377.28,378.79,377.52],"BTC-USD":[88035.43,90493.82,87340.4,91058.36,90520.3,92435.89,94393.15,98439.09,99024.03,93000.01,91929.54,95951.19,97490.56,95862.89,95924.52,98746.24,97044.23,99891.35,97324.81,96660.76,101202.11,100030.47,101428.75,106099.81,106136.99,100150.73,97372.21,97765,94764.56,98594.47,95669.49,94171.89,92620.71,93354.22,96903.19,98136.51,102279.41,96941.98,95036.63,94701.18,94506.45,96534.96,100510.23,99981.78,104107,106159.26,103667.11,103926.36,104850.27,102062.42,101290,103747.25,104742.64,102411.26,101460.2,97795.05,96638.33,96564.62,96537.08,97444.41,95774.08,97862.53,96625.29,97509.03,95607.4,96632.03,98347.2,96157.03,91510.82,88583.74,84111.78,84625.19,84297.73,86161.1,87249.96,90603.73,89921.85,86756.98,78544.71,82914.51,83659.43,81073.43,83980.49,84011.4,82698.76,86877.96,84183.42,84061.96,87523.62,87427.88,86926.01,87217.48,84381.8,82534.32,85170.37,82490.08,83174.33,83860.16,79140.01,76251.64,82594.75,79552.34,83380.47,84590.36,83629.78,84028.72,84961.97,87522.07,93489.1,93740.92,94021.96,94708.79,95042.57,94271.09,94182.54,96524.98,96929.81,94733.99,96839.17,97058.32,103253.49,102986.96,102800.21,104131.06,103545.38,103786.43,103500.03,105616.18,106883.24,109699.54,111722.53,107329.61,108978.46,107819.29,105572.58,104033.26,105904.94,105447.82,104753.38,101570.2,104397.99,110301.15,110300.24,108669.37,105721.05,106118.7,106853.38,104590.44,104915.6,103317.8,105419.39,106141,107400.22,107029.64,107113.38,107173.21,105711.78,108888.32,109628.83,108269.84,108958.04,111282.85,116031.3,117582.16,119863.71,117781.64,118681.68,119273.69,118023.05,117428.79,120026.42,118810.44,118397.04,117633.27,118070.59,117933.39,117830.15,115761.13,113248.73,115051.85,114112.95,115028.83,117515.49,116683.79,118701.84,120113.18,123365.63,118389.79,117436.96,116286.76,112856.19,114276,112480.3,116908.68,110127.74,111788.01,111253.21,112574.85,108378.32,111247.94,111756.41,110720.79,110670.02,112072.57,111549.32,113983.97,115540,116106.03,115381.08,116832.56,116484.4,117117.99,115690.55,112736.59,112017.21,113348.17,109035.72,109697.29,114365.07,114067.71,118659.97,120621.32,122318.4,124720.09,121393.95,123343.25,121714.51,112980.28,115274.03,113068,110804.12,108198,106463.3,110568.06,108362.27,107585.98,110116.03,111042.13]},"priceSeriesSource":"actual","assets":[{"symbol":"QQQ","label":"QQQ (NASDAQ 100 ETF)","category":"stock"},{"symbol":"SPY","label":"SPY (S&P 500 ETF)","category":"stock"},{"symbol":"TLT","label":"TLT (미국 장기채)","category":"bond"},{"symbol":"GLD","label":"GLD (금 ETF)","category":"gold"},{"symbol":"BTC-USD","label":"BTC-USD (비트코인)","category":"crypto"}],"windows":{"20":{"records":[{"date":"2024-12-10","stability":0.26529967051758174,"sub":{"stockCrypto":0.0427352941212743,"traditional":0.33903615001443765,"safeNegative":0},"matrix":[[1,0.9139857893779689,0.24307214258636298,0.10490929523510868,-0.05178980969221929],[0.9139857893779689,1,0.34790062411690864,0.1277512452534324,0.033680778550329325],[0.24307214258636298,0.34790062411690864,1,-0.2965978035168446,-0.20673906646539794],[0.10490929523510868,0.1277512452534324,-0.2965978035168446,1,0.41516612498644867],[-0.05178980969221929,0.033680778550329325,-0.20673906646539794,0.41516612498644867,1]],"smoothed":0.26529967051758174,"delta":0},{"date":"2024-12-11","stability":0.2561250785012265,"sub":{"stockCrypto":0.09412066366383323,"traditional":0.32469248517305777,"safeNegative":0},"matrix":[[1,0.9233090845825972,0.08833043990453554,0.14866510989435142,0.07560539125790403],[0.9233090845825972,1,0.19233380182189128,0.1396687327821562,0.11263593606976244],[0.08833043990453554,0.19233380182189128,1,-0.4558477420528152,-0.33957318614910337],[0.14866510989435142,0.1396687327821562,-0.4558477420528152,1,0.42882543293614767],[0.07560539125790403,0.11263593606976244,-0.33957318614910337,0.42882543293614767,1]],"smoothed":0.2636315628782444,"delta":-0.0029191883688403086},{"date":"2024-12-12","stability":0.287285509271685,"sub":{"stockCrypto":0.12962347279432335,"traditional":0.3533187192438394,"safeNegative":0},"matrix":[[1,0.926720388988531,0.133329680826598,0.19284391943997273,0.11283766175277558],[0.926720388988531,1,0.2670686690925982,0.21825907523827093,0.14640928383587112],[0.133329680826598,0.2670686690925982,1,-0.3816905818770654,-0.24117010162068298],[0.19284391943997273,0.21825907523827093,-0.3816905818770654,1,0.5084324106012212],[0.11283766175277558,0.14640928383587112,-0.24117010162068298,0.5084324106012212,1]],"smoothed":0.2679322804043245,"delta":0.006066661486220037},{"date":"2024-12-13","stability":0.259783034824352,"sub":{"stockCrypto":0.05138934900765107,"traditional":0.3278971843489159,"safeNegative":0},"matrix":[[1,0.9097188051717254,0.12201877220976855,0.12889091123545346,0.055882192479281535],[0.9097188051717254,1,0.33155408876183223,0.20480945861064562,0.0468965055360206],[0.12201877220976855,0.33155408876183223,1,-0.27039107010407026,-0.21649368339939162],[0.12889091123545346,0.20480945861064562,-0.27039107010407026,1,0.4701009193137365],[0.055882192479281535,0.0468965055360206,-0.21649368339939162,0.4701009193137365,1]],"smoothed":0.266450599389784,"delta":0.0004403889676642958},{"date":"2024-12-16","stability":0.31035225681494105,"sub":{"stockCrypto":0.3815901533986843,"traditional":0.32323111385588,"safeNegative":0},"matrix":[[1,0.8349103776270675,0.12181863902299148,0.11124052805526974,0.4141963289639078],[0.8349103776270675,1,0.38506970131555257,0.2119706783832361,0.34898397783346086],[0.12181863902299148,0.38506970131555257,1,-0.2743767587311626,-0.172445674877409],[0.11124052805526974,0.2119706783832361,-0.2743767587311626,1,0.49107273022637876],[0.4141963289639078,0.34898397783346086,-0.172445674877409,0.49107273022637876,1]],"smoothed":0.27443271892163074,"delta":0.014188903664563934},{"date":"2024-12-17","stability":0.31107828073629357,"sub":{"stockCrypto":0.40113993566915185,"traditional":0.3170093206593868,"safeNegative":0},"matrix":[[1,0.8443770236742896,0.10034346900752361,0.10499942961724124,0.43098487801891255],[0.8443770236742896,1,0.34379052461893855,0.19581728603230245,0.3712949933193911],[0.10034346900752361,0.34379052461893855,1,-0.3127281910060257,-0.17202606399320183],[0.10499942961724124,0.19581728603230245,-0.3127281910060257,1,0.5731134388327564],[0.43098487801891255,0.3712949933193911,-0.17202606399320183,0.5731134388327564,1]],"smoothed":0.2810955483424785,"delta":0.0187544033187656},{"date":"2024-12-18","stability":0.43823817624259453,"sub":{"stockCrypto":0.5788863505466182,"traditional":0.44475897590093355,"safeNegative":0},"matrix":[[1,0.9340906160921134,0.345692097271587,0.34443331303381863,0.5965929459192425],[0.9340906160921134,1,0.48399522472723283,0.4116718449564865,0.561179755173994],[0.345692097271587,0.48399522472723283,1,-0.1486707593243624,0.022696574980535577],[0.34443331303381863,0.4116718449564865,-0.1486707593243624,1,0.6403332586803836],[0.5965929459192425,0.561179755173994,0.022696574980535577,0.6403332586803836,1]],"smoothed":0.3096669352334087,"delta":0.05937712871851064},{"date":"2024-12-19","stability":0.44015392762690236,"sub":{"stockCrypto":0.5809780897819784,"traditional":0.4428525687042792,"safeNegative":0},"matrix":[[1,0.9296290427881782,0.3598530058022013,0.34442113010945813,0.6126230942061511],[0.9296290427881782,1,0.45972934110247543,0.41232772234875864,0.5493330853578057],[0.3598530058022013,0.45972934110247543,1,-0.15115517007460377,0.09789669575335438],[0.34442113010945813,0.41232772234875864,-0.15115517007460377,1,0.6070759984729595],[0.6126230942061511,0.5493330853578057,0.09789669575335438,0.6070759984729595,1]],"smoothed":0.33339184294131663,"delta":0.0712071528480942},{"date":"2024-12-20","stability":0.44409014808744146,"sub":{"stockCrypto":0.5732337836111738,"traditional":0.44913657515484706,"safeNegative":0},"matrix":[[1,0.9325129458727162,0.3742057254332767,0.3626238874462511,0.6244720288480888],[0.9325129458727162,1,0.48253302001967013,0.42823081297118604,0.5219955383742588],[0.3742057254332767,0.48253302001967013,1,-0.11471305918598242,0.10158146185261883],[0.3626238874462511,0.42823081297118604,-0.11471305918598242,1,0.5781373494710255],[0.6244720288480888,