{"generatedAt": "2025-10-24T05:25:25.459Z", "analysisDates": ["2023-01-02", "2023-01-03", "2023-01-04", "2023-01-05", "2023-01-06", "2023-01-07", "2023-01-08", "2023-01-09", "2023-01-10", "2023-01-11", "2023-01-12", "2023-01-13", "2023-01-14", "2023-01-15", "2023-01-16", "2023-01-17", "2023-01-18", "2023-01-19", "2023-01-20", "2023-01-21", "2023-01-22", "2023-01-23", "2023-01-24", "2023-01-25", "2023-01-26", "2023-01-27", "2023-01-28", "2023-01-29", "2023-01-30", "2023-01-31", "2023-02-01", "2023-02-02", "2023-02-03", "2023-02-04", "2023-02-05", "2023-02-06", "2023-02-07", "2023-02-08", "2023-02-09", "2023-02-10", "2023-02-11", "2023-02-12", "2023-02-13", "2023-02-14", "2023-02-15", "2023-02-16", "2023-02-17", "2023-02-18", "2023-02-19", "2023-02-20", "2023-02-21", "2023-02-22", "2023-02-23", "2023-02-24", "2023-02-25", "2023-02-26", "2023-02-27", "2023-02-28", "2023-03-01", "2023-03-02", "2023-03-03", "2023-03-04", "2023-03-05", "2023-03-06", "2023-03-07", "2023-03-08", "2023-03-09", "2023-03-10", "2023-03-11", "2023-03-12", "2023-03-13", "2023-03-14", "2023-03-15", "2023-03-16", "2023-03-17", "2023-03-18", "2023-03-19", "2023-03-20", "2023-03-21", "2023-03-22", "2023-03-23", "2023-03-24", "2023-03-25", "2023-03-26", "2023-03-27", "2023-03-28", "2023-03-29", "2023-03-30", "2023-03-31", "2023-04-01", "2023-04-02", "2023-04-03", "2023-04-04", "2023-04-05", "2023-04-06", "2023-04-07", "2023-04-08", "2023-04-09", "2023-04-10", "2023-04-11", "2023-04-12", "2023-04-13", "2023-04-14", "2023-04-15", "2023-04-16", "2023-04-17", "2023-04-18", "2023-04-19", "2023-04-20", "2023-04-21", "2023-04-22", "2023-04-23", "2023-04-24", "2023-04-25", "2023-04-26", "2023-04-27", "2023-04-28", "2023-04-29", "2023-04-30", "2023-05-01", "2023-05-02", "2023-05-03", "2023-05-04", "2023-05-05", "2023-05-06", "2023-05-07", "2023-05-08", "2023-05-09", "2023-05-10", "2023-05-11", "2023-05-12", "2023-05-13", "2023-05-14", "2023-05-15", "2023-05-16", "2023-05-17", "2023-05-18", "2023-05-19", "2023-05-20", "2023-05-21", "2023-05-22", "2023-05-23", "2023-05-24", "2023-05-25", "2023-05-26", "2023-05-27", "2023-05-28", "2023-05-29", "2023-05-30", "2023-05-31", "2023-06-01", "2023-06-02", "2023-06-03", "2023-06-04", "2023-06-05", "2023-06-06", "2023-06-07", "2023-06-08", "2023-06-09", "2023-06-10", "2023-06-11", "2023-06-12", "2023-06-13", "2023-06-14", "2023-06-15", "2023-06-16", "2023-06-17", "2023-06-18", "2023-06-19", "2023-06-20", "2023-06-21", "2023-06-22", "2023-06-23", "2023-06-24", "2023-06-25", "2023-06-26", "2023-06-27", "2023-06-28", "2023-06-29", "2023-06-30", "2023-07-01", "2023-07-02", "2023-07-03", "2023-07-04", "2023-07-05", "2023-07-06", "2023-07-07", "2023-07-08", "2023-07-09", "2023-07-10", "2023-07-11", "2023-07-12", "2023-07-13", "2023-07-14", "2023-07-15", "2023-07-16", "2023-07-17", "2023-07-18", "2023-07-19", "2023-07-20", "2023-07-21", "2023-07-22", "2023-07-23", "2023-07-24", "2023-07-25", "2023-07-26", "2023-07-27", "2023-07-28", "2023-07-29", "2023-07-30", "2023-07-31", "2023-08-01", "2023-08-02", "2023-08-03", "2023-08-04", "2023-08-05", "2023-08-06", "2023-08-07", "2023-08-08", "2023-08-09", "2023-08-10", "2023-08-11", "2023-08-12", "2023-08-13", "2023-08-14", "2023-08-15", "2023-08-16", "2023-08-17", "2023-08-18", "2023-08-19", "2023-08-20", "2023-08-21", "2023-08-22", "2023-08-23", "2023-08-24", "2023-08-25", "2023-08-26", "2023-08-27", "2023-08-28"], "normalizedPrices": {"QQQ": [1, 1.0163181551690443, 1.035860855970295, 1.0586281024037523, 1.0844244674614032, 1.1134453781512605, 1.1454954074653116, 1.1804768418995506, 1.2185851084619894, 1.2595270666406098, 1.3034004299394175, 1.3501074848544068, 1.399550517881571, 1.4516318155169043, 1.5063513777604065, 1.5636114911080712, 1.623314442055892, 1.6852648035958568, 1.749560289231972, 1.815907758452218, 1.8844049247606018, 1.9548563611491108, 2.0272620676177446, 2.1016220441665037, 2.177643150283369, 2.2555208129763535, 2.335059605237444, 2.4163572405706466, 2.49921829196795, 2.5837404729333593, 2.669923783466875, 2.757768223568497, 2.847078366230213, 2.937951924956029, 3.0303888997459447, 3.1242915770959545, 3.219562243502052, 3.3162008989642366, 3.4140121164744963, 3.5130936095368375, 3.6131522376392415, 3.714188000781708, 3.816005471956224, 3.918506937658784, 4.021594684385382, 4.124975571623998, 4.228649599374633, 4.332616767637287, 4.436583935899941, 4.540648817666601, 4.644811412937268, 4.749169435215946, 4.853722884502639, 4.958862614813367, 5.06468633965214, 5.1716826265389875, 5.2803400429939416, 5.39124487004104, 5.505081102208325, 5.622825874535861, 5.745358608559703, 5.873851866327926, 6.009673636896618, 6.154191909321868, 6.309263240179793, 6.476744186046512, 6.658686730506156, 6.8576314246628876, 7.076216533124877, 7.317373461012312, 7.584619894469416, 7.881766660152433, 8.213210865741646, 8.583740472933359, 8.998925151455932, 9.46501856556576, 9.989349228063318, 10.579929646277115, 11.246238030095759, 11.99872972444792, 12.849716630838381, 13.813074066836037, 14.9047293335939, 16.14266171584913, 17.54768418995505, 19.14315028336916, 20.95593120969318, 23.016025014657025, 25.357435997654875, 28.018467852257178, 31.041625952706664, 34.47449677545436, 38.369063904631616, 42.7827828805941, 47.777897205393785, 53.42124291577096, 59.78424858315419, 66.94186046511628, 74.97205393785421, 83.95456322063708, 93.96941567324603, 105.09517295290209, 117.40756302521008, 130.97693961305453, 145.86652335352744, 162.1300566738323, 179.81043580222786, 198.93775649794802, 219.5284346296658, 241.5846198944694, 265.09478209888607, 290.0345905804182, 316.3692593316396, 344.0559898377956, 373.04846589798706, 403.3013484463553, 434.7751612272816, 467.44264217314833, 501.29460621457883, 536.3462966581982, 572.6436388508891, 610.2696892710572, 649.3503029118624, 690.0605823724839, 732.6304475278482, 777.3508891928864, 824.5800273597812, 874.7501465702559, 928.375806136408, 986.062732069572, 1048.518760992769, 1116.5671291772521, 1191.1627906976744, 1273.4109829978504, 1364.5914598397499, 1466.18633965214, 1579.9141098299785, 1707.770275552081, 1852.075825679109, 2015.53488372093, 2201.3029118624195, 2413.0680085987883, 2655.145690834473, 2932.591850693766, 3251.3340824701977, 3618.327047097909, 4041.732851280047, 4531.1323040844245, 5097.770764119601, 5754.842583545045, 6517.821868282196, 7404.843560680085, 8437.141977721321, 9639.5560875513, 11041.106410005863, 12675.656927887434, 14582.668653507915, 16808.058823529413, 19405.178717998828, 22435.924467461402, 25971.99951143248, 30096.348641782293, 34904.78835255032, 40507.86124682431, 47032.947820988855, 54626.67412546414, 63457.66142270862, 73719.66992378345, 85635.19738127809, 99459.60220832519, 115485.83007621653, 134049.8342778972, 155536.7874731288, 180388.19786984564, 209110.05042016806, 242282.10738714092, 280568.51260504196, 324729.85733828414, 375636.87580613635, 434285.9516318155, 501816.63044752786, 579531.3445378151, 668917.5749462576, 771672.6921047489, 889731.7387140903, 1025298.4479187023, 1180879.8266562438, 1359324.682431112, 1563866.538010553, 1798171.4678522572, 2066391.503322259, 2373224.4126441274, 2723980.8571428573, 3124660.189661911, 3582036.487688098, 4103756.8371115886, 4698454.401407074, 5375879.466386555, 6147052.447136994, 7024443.82821966, 8022187.202657808, 9156333.031170607, 10445152.514363885, 11909503.122337306, 13573269.955540355, 15463900.323627124, 17613052.888899747, 20057387.600254055, 22839528.715653706, 26009240.77633379, 29624866.882255226, 33755090.545632206, 38481097.451827236, 43899232.49833887, 50124271.621067025, 57293458.56507719, 65571495.71409029, 75156727.66376783, 86288819.32235685, 99258310.68858707, 114418532.81512605, 132200499.82685167, 153131557.83007622, 177858782.70021498, 207178387.10797343, 242072737.77633378, 283757015.50938046, 333738096.01407075, 393888917.03097516, 466542460.75366426, 554610560.4469415, 661734084.1332811, 792472710.9992183, 952544559.4007231, 1149128416.1802814, 1391244325.6092436, 1690231891.555892, 2060349889.7445767, 2519525722.844049], "SPY": [1, 1.0392405063291137, 1.0815338793745346, 1.126656738644825, 1.174609084139985, 1.2251675353685776, 1.2779597915115413, 1.332911392405063, 1.3896500372300817, 1.4477289650037228, 1.5067758749069247, 1.5664184661206253, 1.6261355174981382, 1.6854802680565897, 1.74385703648548, 1.8007446016381234, 1.8557706626954578, 1.9082650781831716, 1.9579300074460162, 2.0043186895011167, 2.047133283693224, 2.086001489203276, 2.1207743857036485, 2.1513030528667163, 2.1776619508562916, 2.1997766195085626, 2.217795979151154, 2.2320178704393148, 2.24259121370067, 2.2499627699180937, 2.254430379746835, 2.2565152643335815, 2.256664184661206, 2.255398361876396, 2.2532390171258374, 2.250707371556217, 2.2483246463142215, 2.2466120625465376, 2.2461653015636633, 2.2475055845122855, 2.251079672375279, 2.25740878629933, 2.267088607594937, 2.2805658972449736, 2.298361876396128, 2.320923306031273, 2.3488458674609083, 2.3826507818317197, 2.4229337304542065, 2.4702159344750556, 2.5252419955323897, 2.5885331347728964, 2.6609084139985106, 2.743186895011169, 2.8362620997766195, 2.940953090096798, 3.058451228592703, 3.189798957557706, 3.336262099776619, 3.499255398361876, 3.6802680565897243, 3.880938198064036, 4.103201787043931, 4.348994787788533, 4.620551005212211, 4.920253164556962, 5.250781831720029, 5.615040953090096, 6.016157855547282, 6.457632166790766, 6.943186895011169, 7.47699180938198, 8.06336559940432, 8.707297096053612, 9.414072970960534, 10.18927773641102, 11.0391660461653, 11.970513775130305, 12.990469099032016, 14.106924795234548, 15.328294862248697, 16.663737900223378, 18.122933730454204, 19.716530156366343, 21.455770662695457, 23.35271779597915, 25.420178704393145, 27.67192851824274, 30.122561429635144, 32.787416232315714, 35.68294862248697, 38.82628443782576, 42.23544303797468, 45.929411764705875, 49.92777364110201, 54.25115413253909, 58.920699925539836, 63.9584512285927, 69.38711839166047, 75.23000744601637, 81.51109456440804, 88.25517498138495, 95.48749069247951, 103.23417721518987, 111.5224125093075, 120.3801935964259, 129.8368577810871, 139.9235294117647, 150.67319434102754, 162.12137006701414, 174.30677587490692, 187.27185405807893, 201.0639612807148, 215.73618763961278, 231.34854802680564, 247.96947133283695, 265.67736411020104, 284.5622486969471, 304.728145941921, 326.2953090096798, 349.40282948622485, 374.21191362621, 400.9096053611318, 429.71236038719286, 460.87163067758746, 494.6787788533134, 531.4718540580789, 571.6433358153387, 615.6489203276246, 664.0181682799702, 717.3669396872673, 776.412285927029, 841.9900967982129, 915.0759493670885, 996.8102010424421, 1088.5274758004466, 1191.792405063291, 1308.4419210722263, 1440.6358897989574, 1590.9174981384958, 1762.2854802680565, 1958.2804169769172, 2183.087341772152, 2441.6580044676093, 2739.856962025316, 3084.6342516753534, 3484.2303052866714, 3948.418466120625, 4488.790394638868, 5119.091362620997, 5855.612360387192, 6717.646463142219, 7728.017125837676, 8913.686075949367, 10306.448101265822, 11943.718391660459, 13869.417498138495, 16134.955994043185, 18800.31705137751, 21935.23268801191, 25620.441399851075, 29949.011466865228, 35027.70528667163, 40978.35420699925, 47939.20424422933, 56066.18816083395, 65534.07505584511, 76537.44408041697, 89291.43447505584, 104032.2283693224, 121017.23812360386, 140524.98979895754, 162854.72196574832, 188325.7542814594, 217276.720923306, 250064.81131794484, 287065.2063291139, 328670.9478778853, 375293.52308265073, 427364.4842889054, 485338.4546537602, 549697.8943410275, 620960.0137751302, 699686.2306775874, 786494.5750558451, 882075.4600148919, 987211.2597170513, 1102800.1871928517, 1229885.0420699925, 1369687.5210722263, 1523648.9623976173, 1693478.6329858524, 1881210.991883842, 2089273.7699180937, 2320569.2347728964, 2578571.660387193, 2867444.8413253906, 3192184.5040208483, 3558791.7323157107, 3974485.0931496643, 4447961.1099032005, 4989715.181533879, 5612438.116604616, 6331507.300372301, 7165596.348324646, 8137433.15979151, 9274743.887714071, 10611429.855696201, 12189036.34154877, 14058586.96038719, 16282875.785405807, 18939332.119657483, 22123600.903723005, 25954016.159568127, 30577186.835889798, 36174965.250632904, 42973129.44698436, 51252183.66827996, 61360767.259046905, 73732262.95256887, 88905311.75688757, 107549074.13871928, 130494225.89650038, 158770841.14288905, 193654492.21943408, 236722083.9496649, 289919132.8635145, 355640395.11883837, 436825933.0659717, 537074882.6871184, 660779336.1043931, 813280880.7236782, 1001052439.136411, 1231908137.771705, 1515244012.605063, 1862312463.840506, 2286533539.541772, 2803846418.1857038, 3433104947.145197], "TLT": [1, 1.0365506133069013, 1.0734109775740306, 1.1103332920332054, 1.1469458555321521, 1.182815016726552, 1.217569074464131, 1.2508363275926155, 1.282183124767687, 1.3112997150291166, 1.3376904968405403, 1.361169619625821, 1.3814273324247306, 1.398215834469087, 1.4114112253747988, 1.420889604757775, 1.4266509726180152, 1.42869532895552, 1.42714657415438, 1.422252508982778, 1.4141989840168505, 1.4032338000247802, 1.3897286581588404, 1.374055259571305, 1.3565853054144468, 1.3376904968405403, 1.3178664353859497, 1.2975467723949945, 1.2769793086358567, 1.2567215958369473, 1.2370833849584935, 1.2184363771527693, 1.2011522735720481, 1.1854788749845127, 1.1718498327344815, 1.1603890472060465, 1.1514682195514807, 1.1453971007310122, 1.1422995911287326, 1.1426093420889605, 1.1464502539957875, 1.1541940280014868, 1.166150415066287, 1.1826291661504151, 1.2040019824061454, 1.2306405649857517, 1.2629785652335523, 1.3016354850700038, 1.3471069260314708, 1.4000743402304547, 1.461281129971503, 1.5314706975591625, 1.6116342460661628, 1.7028868789493248, 1.8062817494734236, 1.923181761863462, 2.0550737207285343, 2.2034444306777354, 2.370214347664478, 2.557303927642176, 2.766757526948334, 3.000929252880684, 3.262297113121051, 3.553524965927395, 3.877400569941767, 4.236897534382357, 4.6350514186593985, 5.074959732375171, 5.559905835708091, 6.092925288068393, 6.677177549250403, 7.315636228472309, 8.010965183992072, 8.76570437368356, 9.581960104076323, 10.46134308016355, 11.405030355594103, 12.41364143228844, 13.487176310246562, 14.625015487548012, 15.825981910543925, 17.08809317308884, 18.408933217692976, 19.785652335522244, 21.214843266014125, 22.69297484822203, 24.216392020815267, 25.781377772271096, 27.384710692603146, 29.02335522240119, 30.695081154751584, 32.39846363523727, 34.13319291289803, 35.900074340230454, 37.701400074340235, 39.54107297732624, 41.42466856647256, 43.359620864824684, 45.35540825176559, 47.42367736339983, 49.57836699293768, 51.835831991079175, 54.2152149671664, 56.73850823937554, 59.430801635485075, 62.3207780944121, 65.4408995167885, 68.82815016726552, 72.52440837566597, 76.57731383967291, 81.04094907694214, 85.9770164787511, 91.45589146326354, 97.55798537975468, 104.37572791475655, 112.014929996283, 120.59769545285592, 130.26446536984267, 141.1775492504027, 153.5245942262421, 167.52248791971257, 183.42274811051914, 201.51660265146825, 222.14180398959238, 245.6899392888118, 272.6150415066287, 303.44337752447035, 338.78490893321776, 379.3456201214224, 425.9423863213976, 479.5192045595342, 541.1653450625697, 612.1361665221162, 693.8759137653327, 788.0427456325115, 896.5369223144592, 1021.5310370462149, 1165.5031594597945, 1331.2728286457689, 1522.039400322141, 1741.4230578614795, 1993.508920827655, 2282.892764217569, 2614.7298971626815, 2994.7857762359067, 3429.4895923677363, 3925.9894684673523, 4492.211002354107, 5136.9182257465, 5869.778342212861, 6701.4310494362535, 7643.562879444927, 8708.989468467353, 9911.74619006319, 11267.191116342461, 12792.122599430058, 14504.915128236898, 16425.67841655309, 18576.444430677737, 20981.38848965432, 23667.091500433653, 26662.851133688513, 30001.051046958248, 33717.59943005824, 37852.447404286955, 42450.20319662991, 47560.85689505638, 53240.63492751827, 59553.00724817247, 66569.8715153017, 74372.94653698427, 83055.41054392268, 92723.82734481478, 103500.41240242845, 115525.70059472186, 128961.68894808574, 143995.5444802379, 160843.98253004585, 179758.44585553216, 201031.23807458804, 225002.7994052782, 252070.35020443564, 282698.1743897906, 317429.8724445546, 356902.98271589645, 401866.45155494986, 453201.5369223145, 511946.85162929015, 579328.4014991947, 656795.6585305415, 746064.926403172, 849171.5277536861, 968532.6674513692, 1107023.224135795, 1268067.205117086, 1455748.1855408254, 1674942.7669433777, 1931481.9541568581, 2232346.4004460415, 2585902.742906703, 3002189.7942634122, 3493265.222215339, 4073625.60624458, 4760715.484636352, 5575544.291475654, 6543434.03506381, 7694925.318238136, 9066874.994362533, 10703785.560029736, 12659414.507991577, 14998721.526576634, 17800222.894994427, 21158835.975901376, 25189312.67971751, 30030379.52329327, 35849723.84153141, 42849991.25399579, 51275989.12730765, 61423325.004088715, 73648748.33837196, 88382508.96165285, 106143097.12012142, 127554788.34084997, 153368482.53425848, 184486401.4497584, 221991292.8459299, 267180884.68901005, 321608439.8521249, 387130383.07731384, 465962109.94554585, 560743245.6888242, 674613804.434085, 811302912.9804238, 975232015.4991947, 1171634777.1253872, 1406696268.8511958, 1687714460.8056004, 2023287597.843204, 2423531707.828398], "GLD": [1, 1.0106832851101712, 1.0195860227019808, 1.0264856443356332, 1.0313821500111284, 1.034164255508569, 1.0348876029379035, 1.033552192299132, 1.0301023814823058, 1.02476073892722, 1.0175272646338749, 1.0086245270420655, 0.9981638103716892, 0.9863120409525928, 0.9733474293345205, 0.9594369018473181, 0.94485866904073, 0.929724015134654, 0.9143667927887826, 0.8989539283329624, 0.8837079902069886, 0.8688515468506566, 0.8545515245938127, 0.841030491876252, 0.8285110171377699, 0.817104384598264, 0.806921878477632, 0.7982417093256177, 0.7910638771422212, 0.7856665924771867, 0.782105497440463, 0.7805475183618963, 0.7811039394613843, 0.7839973291787224, 0.7892833296238593, 0.797240151346539, 0.8079790785666593, 0.8217783218339639, 0.8388048074782996, 0.8592811039394614, 0.8835967059870911, 0.9120298241709326, 0.9449143111506788, 0.9826953038059204, 1.0258179390162476, 1.0747829957711996, 1.130146895170265, 1.192577342532829, 1.2627976852882261, 1.3415312708657912, 1.4296127309147564, 1.5280992655241488, 1.6378811484531495, 1.760182506120632, 1.896116180725573, 2.046961940796795, 2.214166481192967, 2.39906521255286, 2.603216113955041, 2.828121522368128, 3.075339416870688, 3.3465390607611845, 3.643167148898286, 3.9667816603605606, 4.3187736478967285, 4.700422880035611, 5.112842198976185, 5.556921878477632, 6.033329623859337, 6.542288003561095, 7.083963943912754, 7.657856665924772, 8.263298464277765, 8.899176496772757, 9.563877142221232, 10.25561985310483, 10.972123302915648, 11.710883596705987, 12.46917427108836, 13.244213220565324, 14.033051413309593, 14.832851101713779, 15.640941464500333, 16.455041175161362, 17.273147117738706, 18.093812597373695, 18.916147340307145, 19.740040062319164, 20.566158468729135, 21.395949254395727, 22.231916314266638, 23.077342532828844, 23.936790563098153, 24.815602047629646, 25.720398397507235, 26.658969508123747, 27.640218117071, 28.674438014689517, 29.773202759848655, 30.949699532606274, 32.218784776318714, 33.59720676608057, 35.10382817716447, 36.75995993768084, 38.58975072334743, 40.62079902069886, 42.884264411306475, 45.41614734030714, 48.25751168484309, 51.45582016470064, 55.06582461606944, 59.150957044291125, 63.78483196082795, 69.05319385711105, 75.05592032049854, 81.90958157133319, 89.75038949476965, 98.73770309370131, 109.05809036278654, 120.92972401513467, 134.60833518807033, 150.39294458045848, 168.6333741375473, 189.73848208324063, 214.18551079456932, 242.53054751836189, 275.42048742488316, 313.60616514578237, 357.9569330068996, 409.47629646116184, 469.3187180057868, 538.807645225907, 619.4538726908524, 712.9744602715335, 821.3113176051636, 946.6487870020031, 1091.4300578677944, 1258.3710215891388, 1450.470732250167, 1671.0180836857332, 1923.5930892499446, 2212.062708657912, 2540.570387269085, 2913.518528822613, 3335.5451257511686, 3811.494157578455, 4346.381482305809, 4945.357444914312, 5613.669764077454, 6356.628143779212, 7179.575673269531, 8087.87013131538, 9086.880146895171, 10182.00061206321, 11378.691353216114, 12682.54434676163, 14099.382595148008, 15635.394335633206, 17297.30619853105, 19092.5973180503, 21029.757734253282, 23118.592922323616, 25370.578566659246, 27799.268973959493, 30420.764745159137, 33254.24838637881, 36322.59726240819, 39653.088693523256, 43278.21583574449, 47236.63838192744, 51574.29807478299, 56345.738370799016, 61615.67527264634, 67460.87942354774, 73972.44263298465, 81258.51875139105, 89447.65195860226, 98692.82823280658, 109176.42148898286, 121116.24265524148, 134772.95231471176, 150459.1560204763, 168550.58018028043, 189499.8192744269, 213853.26140663255, 242271.94430224792, 275557.2690852437, 314682.71739372355, 360832.98130425107, 415452.23859336745, 480303.6962497218, 557542.9953260628, 649808.6325395058, 760333.2241264188, 893080.2225684398, 1052911.6188515467, 1245793.2210104608, 1479045.3101491209, 1761647.8308479858, 2104610.7688626754, 2521421.9846427776, 3028586.468729134, 3646272.7133318493, 4399083.575561985, 5316970.544680614, 6436311.59364567, 7801173.655130202, 9464781.053527711, 11491210.789227687, 13957334.267082129, 16955022.78160472, 20593630.78004674, 25002766.69652793, 30335356.196361005, 36770997.38788115, 44519602.56137325, 53825317.14917649, 64970704.9530937, 78281190.55886935, 94129756.73670153, 112941908.08229467, 135200933.77487203, 161453533.59587136, 192315913.5428444, 228480511.4882595, 270723580.05002224, 319913933.5756176, 377023259.1516248, 443138498.17972404, 519476926.0573114, 607404694.4526485, 708459756.4968284, 824380274.7597929, 957139822.4983864, 1108990940.8784776, 1282518923.0846317, 1480708079.4683952, 1707023220.752782, 1965509710.1073337], "BTC-USD": [1, 0.9855161787365178, 0.970672829994864, 0.9556240369799692, 0.9404211607601438, 0.9252696456086288, 0.9103235747303545, 0.8956856702619415, 0.8814586543400104, 0.8678479712378018, 0.8549563430919364, 0.8428351309707242, 0.8316897791474064, 0.8215202876219825, 0.8125321006676939, 0.8047252182845404, 0.7982537236774525, 0.7931689779147407, 0.7895737031330251, 0.7875192604006165, 0.7871597329224448, 0.7884951206985106, 0.7916795069337442, 0.7968156137647663, 0.803954802259887, 0.8131997945557269, 0.8247046738572162, 0.8386235233692861, 0.8550590652285568, 0.8741653826399589, 0.8961479198767335, 0.9211093990755008, 0.9493579866461224, 0.9810477657935285, 1.0164355418592708, 1.0557267591165898, 1.099280945043657, 1.147406266050334, 1.2003595274781718, 1.2585516178736518, 1.3222907036466358, 1.3920390344119158, 1.4681561376476633, 1.5510529019003596, 1.6412942989214176, 1.7392398561890088, 1.8453518233179251, 1.960195172059579, 2.0842321520287626, 2.217873651771957, 2.3616846430405753, 2.5160760143810994, 2.6814586543400107, 2.8582948125321006, 3.046841294298922, 3.2475603492552643, 3.4605546995377505, 3.6861325115562407, 3.9244478685156654, 4.175449409347715, 4.439239856189009, 4.715716486902927, 5.00472521828454, 5.306060606060606, 5.619517205957884, 5.944684129429893, 6.2813559322033905, 6.6291217257318955, 6.987621982537237, 7.356651258346173, 7.7359013867488455, 8.125269645608629, 8.524601951720596, 8.934103749357988, 9.353980482794043, 9.784745762711864, 10.226964560862866, 10.681715459681563, 11.150128402670775, 11.633795582948126, 12.13461736004109, 12.654750898818696, 13.196969696969697, 13.764304057524397, 14.360297894196199, 14.989060092449924, 15.65521314843349, 16.364047252182846, 17.121417565485363, 17.93405238828968, 18.80950179763739, 19.756137647663074, 20.78356445814073, 21.90241397021058, 23.124807395993837, 24.464304057524398, 25.93631227529533, 27.55814072932717, 29.349512069851055, 31.332665639445302, 33.532973805855164, 35.97919876733436, 38.70405752439651, 41.744838212634825, 45.144016435541864, 48.950025680534154, 53.218233179250134, 58.011607601438115, 63.402259887005656, 69.47241910631742, 76.31587057010786, 84.03959938366718, 92.76563944530048, 102.63307652799179, 113.80000000000001, 126.44637904468414, 140.77647663071392, 157.02167437082693, 175.44417051874683, 196.33985618900874, 220.04242424242426, 246.9271186440678, 277.41489470980997, 311.9768875192604, 351.13862352336935, 395.4847457627119, 445.663739085773, 502.39234720082175, 566.460092449923, 638.734103749358, 720.1629173086801, 811.7810991268619, 914.712737544941, 1030.1757575757576, 1159.4853107344634, 1304.0578839239856, 1465.41520287622, 1645.1889573703133, 1845.126296866975, 2067.0963020030817, 2313.098715973292, 2585.2745762711866, 2885.9202362609144, 3217.5046224961484, 3582.6918335901387, 3984.3687211093993, 4425.679301489471, 4910.066923472009, 5441.325372367746, 6023.659938366719, 6661.760708782744, 7360.889316897791, 8126.980585516179, 8966.762865947612, 9887.897945557268, 10899.144889573703, 12010.551617873653, 13233.678325629173, 14581.858551617874, 16070.50487930149, 17717.467899332307, 19543.457010785827, 21572.53708269132, 23832.71407293272, 26356.628299948643, 29182.3760143811, 32354.48602978942, 35925.08186954289, 39955.267488443766, 44516.78192090395, 49693.97842835131, 55586.193425783254, 62310.5865434001, 70005.54689265537, 78834.78397534668, 88992.24170518748, 100708.00621468926, 114255.41001540831, 129959.5776579353, 148207.70611196713, 169461.4319465845, 194271.70559835644, 223296.67493579868, 257323.17550077045, 297292.5373394967, 344331.5467899332, 399789.5553158706, 465282.8978428351, 542747.9837185415, 634504.6487416539, 743331.6098099641, 872556.1492552646, 1026160.4703133026, 1208907.5121212122, 1426489.38798151, 1685702.0179250129, 1994649.957729841, 2362985.8851566515, 2802189.6834103754, 3325892.561376477, 3950252.1713918853, 4694385.229892142, 5580864.720544428, 6636289.386851566, 7891933.914329738, 9384489.014535183, 11156901.598715974, 13259326.447817154, 15750202.349049821, 18697467.698613252, 22179933.22398562, 26288832.949666157, 31129579.03194659, 36823751.89019004, 43511364.45968156, 51353448.72162302, 60535024.32804315, 71268523.56784798, 83797764.63882898, 98402586.80200309, 115404287.2257319, 135172031.06353363, 158130444.65377504, 184768648.05998972, 215651039.23744223, 251430210.1465845, 292862457.96815616, 340826455.8266564, 396345771.6831022, 460616077.14036983, 535038077.16795075, 621257426.4996405, 721213190.4054444, 837196771.4741653, 971923678.5976888, 1128621083.0328712, 1311134818.914946, 1524060379.4050333, 1772903582.2172575]}, "assets": [{"symbol": "QQQ", "label": "QQQ (NASDAQ 100 ETF)", "category": "stock"}, {"symbol": "SPY", "label": "SPY (S&P 500 ETF)", "category": "stock"}, {"symbol": "TLT", "label": "TLT (\ubbf8\uad6d \uc7a5\uae30\ucc44)", "category": "bond"}, {"symbol": "GLD", "label": "GLD (\uae08 ETF)", "category": "gold"}, {"symbol": "BTC-USD", "label": "BTC-USD (\ube44\ud2b8\ucf54\uc778)", "category": "crypto"}], "windows": {"20": {"records": [{"date": "2023-01-21", "stability": 0.8209079599119709, "sub": {"stockCrypto": 0.7768458450212625, "traditional": 0.8187879069928784, "safeNegative": 0.4616332165580863}, "matrix": [[1, -0.5203526158335235, -0.8780675505059341, -0.9684653157264113, 0.5574685814832054], [-0.5203526158335235, 1, 0.8651884508735751, 0.7125159166493044, -0.9962231085593196], [-0.8780675505059341, 0.8651884508735751, 1, 0.9681375923685226, -0.883392275997612], [-0.9684653157264113, 0.7125159166493044, 0.9681375923685226, 1, -0.7382454532908465], [0.5574685814832054, -0.9962231085593196, -0.883392275997612, -0.7382454532908465, 1]], "smoothed": 0.8209079599119709, "delta": 0}, {"date": "2023-01-22", "stability": 0.8517722202292958, "sub": {"stockCrypto": 0.8024050132771328, "traditional": 0.851543991044943, "safeNegative": 0.45981191429812573}, "matrix": [[1, -0.6044535207529705, -0.872359510894491, -0.9668881462980119, 0.607149356698785], [-0.6044535207529705, 1, 0.9163790133737517, 0.7828768540922567, -0.9976606698554805], [-0.872359510894491, 0.9163790133737517, 1, 0.9663069008581772, -0.9148672691147972], [-0.9668881462980119, 0.7828768540922567, 0.9663069008581772, 1, -0.7804765965787456], [0.607149356698785, -0.9976606698554805, -0.9148672691147972, -0.7804765965787456, 1]], "smoothed": 0.8265196436060299, "delta": 0.009820446464603338}, {"date": "2023-01-23", "stability": 0.8660887193219549, "sub": {"stockCrypto": 0.8130865758712233, "traditional": 0.8667524952389214, "safeNegative": 0.45650266000034334}, "matrix": [[1, -0.6477144424996681, -0.8614655808358911, -0.9645450591654823, 0.6283135232866693], [-0.6477144424996681, 1, 0.9444900064985582, 0.8199600348621262, -0.9978596284557775], [-0.8614655808358911, 0.9444900064985582, 1, 0.9623398475718022, -0.9333459675136395], [-0.9645450591654823, 0.8199600348621262, 0.9623398475718022, 1, -0.800911126147543], [0.6283135232866693, -0.9978596284557775, -0.9333459675136395, -0.800911126147543, 1]], "smoothed": 0.8337140210089253, "delta": 0.017500383687368726}, {"date": "2023-01-24", "stability": 0.8690765844122059, "sub": {"stockCrypto": 0.8126442299269705, "traditional": 0.8698314161347889, "safeNegative": 0.4512023219314477}, "matrix": [[1, -0.661779378510125, -0.8440520414597977, -0.960757246265993, 0.6278738989910224], [-0.661779378510125, 1, 0.9602124397586761, 0.8362607003720695, -0.9974145608629186], [-0.8440520414597977, 0.9602124397586761, 1, 0.9559266904420719, -0.9444200662900699], [-0.960757246265993, 0.8362607003720695, 0.9559266904420719, 1, -0.8065251198684287], [0.6278738989910224, -0.9974145608629186, -0.9444200662900699, -0.8065251198684287, 1]], "smoothed": 0.8401435779913399, "delta": 0.02000191656291006}, {"date": "2023-01-25", "stability": 0.8622772661374924, "sub": {"stockCrypto": 0.8016156914238481, "traditional": 0.8625112320485139, "safeNegative": 0.44283445201356986}, "matrix": [[1, -0.6521870223663653, -0.816164895490176, -0.9551729125641034, 0.6064616095692928], [-0.6521870223663653, 1, 0.9698278783170179, 0.8368468310968236, -0.9967697732784034], [-0.816164895490176, 0.9698278783170179, 1, 0.9448678524565973, -0.9512408386904229], [-0.9551729125641034, 0.8368468310968236, 0.9448678524565973, 1, -0.7980622003205428], [0.6064616095692928, -0.9967697732784034, -0.9512408386904229, -0.7980622003205428, 1]], "smoothed": 0.844167884927004, "delta": 0.017043495418867183}, {"date": "2023-01-26", "stability": 0.843346253178603, "sub": {"stockCrypto": 0.776178864468313, "traditional": 0.8422398459260888, "safeNegative": 0.4293415190094031}, "matrix": [[1, -0.6137236929777914, -0.7705856446705157, -0.9467804313670966, 0.5562977542325233], [-0.6137236929777914, 1, 0.9756227389726029, 0.8208026824293986, -0.9960599747041026], [-0.7705856446705157, 0.9756227389726029, 1, 0.9259238851391276, -0.9550764852088114], [-0.9467804313670966, 0.8208026824293986, 0.9259238851391276, 1, -0.7726280610785022], [0.5562977542325233, -0.9960599747041026, -0.9550764852088114, -0.7726280610785022, 1]], "smoothed": 0.8440184973363856, "delta": 0.008260319425851481}, {"date": "2023-01-27", "stability": 0.8069753893919386, "sub": {"stockCrypto": 0.7308162521036885, "traditional": 0.8028129926081343, "safeNegative": 0.4065948509923081}, "matrix": [[1, -0.5352217596125729, -0.6941571437393987, -0.9322222602298337, 0.4662459573483059], [-0.5352217596125729, 1, 0.9790123899779919, 0.7831152478809695, -0.9953865468590711], [-0.6941571437393987, 0.9790123899779919, 1, 0.8931491542080394, -0.9569518977365854], [-0.9322222602298337, 0.7831152478809695, 0.8931491542080394, 1, -0.7243794167296411], [0.4662459573483059, -0.9953865468590711, -0.9569518977365854, -0.7243794167296411, 1]], "smoothed": 0.8372833868010315, "delta": -0.007656283723943669}, {"date": "2023-01-28", "stability": 0.7419358536014062, "sub": {"stockCrypto": 0.6524854074831549, "traditional": 0.7317891005256492, "safeNegative": 0.36694360792092073}, "matrix": [[1, -0.39337633112544407, -0.5613918853080531, -0.9063825463756298, 0.31037046639581917], [-0.39337633112544407, 1, 0.9809986656117125, 0.7132010794677384, -0.9946003485704905], [-0.5613918853080531, 0.9809986656117125, 1, 0.8353840952653168, -0.957003902500529], [-0.9063825463756298, 0.7132010794677384, 0.8353840952653168, 1, -0.640274412356097], [0.31037046639581917, -0.9946003485704905, -0.957003902500529, -0.640274412356097, 1]], "smoothed": 0.8199474716738269, "delta": -0.034165993334579814}, {"date": "2023-01-29", "stability": 0.6292571666429463, "sub": {"stockCrypto": 0.5253905398116943, "traditional": 0.6073220329388408, "safeNegative": 0.30034018663964157}, "matrix": [[1, -0.15387950925138238, -0.33565013940130645, -0.8657106071572599, 0.057120323573745566], [-0.15387950925138238, 1, 0.981656951513397, 0.5814471934304903, -0.9936607560496429], [-0.33565013940130645, 0.981656951513397, 1, 0.7255877968792089, -0.9551626717929522], [-0.8657106071572599, 0.5814471934304903, 0.7255877968792089, 1, -0.4895812261003374], [0.057120323573745566, -0.9936607560496429, -0.9551626717929522, -0.4895812261003374, 1]], "smoothed": 0.7852765071227576, "delta": -0.07775718463166092}, {"date": "2023-01-30", "stability": 0.5322479281756554, "sub": {"stockCrypto": 0.6389420236566544, "traditional": 0.4787708376639166, "safeNegative": 0.20616771489787583}, "matrix": [[1, 0.18230054812355248, -0.006081585308157837, -0.8185892742833455, -0.2852567937138308], [0.18230054812355248, 1, 0.981253350688519, 0.35564001084659685, -0.9926272535994781], [-0.006081585308157837, 0.981253350688519, 1, 0.5287602567333284, -0.9516160178716402], [-0.8185892742833455, 0.35564001084659685, 0.5287602567333284, 1, -0.24264839655342238], [-0.2852567937138308, -0.9926272535994781, -0.9516160178716402, -0.24264839655342238, 1]], "smoothed": 0.7392713109505572, "delta": -0.11938768561718116}, {"date": "2023-01-31", "stability": 0.5599151372373645, "sub": {"stockCrypto": 0.8009421438144122, "traditional": 0.48262487767127693, "safeNegative": 0.20159744813250655}, "matrix": [[1, 0.5152413753085657, 0.337958463408289, -0.8063897925300262, -0.6104786941203135], [0.5152413753085657, 1, 0.9797700270893595, 0.02862308413672818, -0.991405593508511], [0.337958463408289, 0.9797700270893595, 1, 0.22776652355469318, -0.9459417425197734], [-0.8063897925300262, 0.02862308413672818, 0.22776652355469318, 1, 0.10008655907845461], [-0.6104786941203135, -0.991405593508511, -0.9459417425197734, 0.10008655907845461, 1]], "smoothed": 0.7066610975481585, "delta": -0.1167617162627882}, {"date": "2023-02-01", "stability": 0.6778676223031709, "sub": {"stockCrypto": 0.9011807287720095, "traditional": 0.5863464074182134, "safeNegative": 0.28591224047520003}, "matrix": [[1, 0.7331565358182134, 0.5743856585549152, -0.8419907624443811, -0.8124169255019973], [0.7331565358182134, 1, 0.9766845184838394, -0.30165819945641914, -0.9899445320420217], [0.5743856585549152, 0.9766845184838394, 1, -0.09020276975151165, -0.9371467691042302], [-0.8419907624443811, -0.30165819945641914, -0.09020276975151165, 1, 0.43179776079453713], [-0.8124169255019973, -0.9899445320420217, -0.9371467691042302, 0.43179776079453713, 1]], "smoothed": 0.701425920230888, "delta": -0.06754241843661746}, {"date": "2023-02-02", "stability": 0.7800626168193515, "sub": {"stockCrypto": 0.9502533979247694, "traditional": 0.7116385213086303, "safeNegative": 0.3560600324397676}, "matrix": [[1, 0.8480939954576949, 0.7018608133636777, -0.8848288926368365, -0.912316827912044], [0.8480939954576949, 1, 0.9713982210822503, -0.5394112371222339, -0.9881899679374946], [0.7018608133636777, 0.9713982210822503, 1, -0.32423796818908834, -0.924069912752653], [-0.8848288926368365, -0.5394112371222339, -0.32423796818908834, 1, 0.6610270828721331], [-0.912316827912044, -0.9881899679374946, -0.924069912752653, 0.6610270828721331, 1]], "smoothed": 0.7157235014287905, "delta": -0.008750442121979396}, {"date": "2023-02-03", "stability": 0.833887279428229, "sub": {"stockCrypto": 0.9723520910801944, "traditional": 0.7799061132725953, "safeNegative": 0.39903274555592205}, "matrix": [[1, 0.9055549285537893, 0.7594568351093739, -0.9157997835610538, -0.9587288537969068], [0.9055549285537893, 1, 0.9624211737102012, -0.6803311986626343, -0.985975328363482], [0.7594568351093739, 0.9624211737102012, 1, -0.4558727600385196, -0.9040736439584579], [-0.9157997835610538, -0.6803311986626343, -0.4558727600385196, 1, 0.7923766268811401], [-0.9587288537969068, -0.985975328363482, -0.9040736439584579, 0.7923766268811401, 1]], "smoothed": 0.7372078247014155, "delta": 0.03322234466610452}, {"date": "2023-02-04", "stability": 0.8562845372337841, "sub": {"stockCrypto": 0.982116664376451, "traditional": 0.8101856654795664, "safeNegative": 0.4234586442324816}, "matrix": [[1, 0.9353349704912528, 0.7744638806716152, -0.9345299800192814, -0.9810934538481929], [0.9353349704912528, 1, 0.9470921190912899, -0.759304596910645, -0.983139874904709], [0.7744638806716152, 0.9470921190912899, 1, -0.5103884456933133, -0.8728736604254335], [-0.9345299800192814, -0.759304596910645, -0.5103884456933133, 1, 0.8650047137555922], [-0.9810934538481929, -0.983139874904709, -0.8728736604254335, 0.8650047137555922, 1]], "smoothed": 0.758858136070937, "delta": 0.05449921722971507}, {"date": "2023-02-05", "stability": 0.8555637111246727, "sub": {"stockCrypto": 0.9853830647718027, "traditional": 0.8128131093839213, "safeNegative": 0.43788231403501027}, "matrix": [[1, 0.9495470673571991, 0.7509058914779371, -0.947184170663724, -0.9912526767362085], [0.9495470673571991, 1, 0.9192745803507453, -0.8043450854763171, -0.979513452807397], [0.7509058914779371, 0.9192745803507453, 1, -0.5056218609776053, -0.8215884454082], [-0.947184170663724, -0.8043450854763171, -0.5056218609776053, 1, 0.9071499134667084], [-0.9912526767362085, -0.979513452807397, -0.8215884454082, 0.9071499134667084, 1]], "smoothed": 0.7764409678988888, "delta": 0.05801956431377353}, {"date": "2023-02-06", "stability": 0.8315426680606293, "sub": {"stockCrypto": 0.9853013139827369, "traditional": 0.788308919009879, "safeNegative": 0.44614588888017104}, "matrix": [[1, 0.9547647002729868, 0.6818135071355635, -0.9561401128973147, -0.9959404075931575], [0.9547647002729868, 1, 0.8678744457039379, -0.8284434426233696, -0.9746622203723163], [0.6818135071355635, 0.8678744457039379, 1, -0.44081730542610115, -0.7351280289329358], [-0.9561401128973147, -0.8284434426233696, -0.44081730542610115, 1, 0.9324907832306536], [-0.9959404075931575, -0.9746622203723163, -0.7351280289329358, 0.9324907832306536, 1]], "smoothed": 0.786459458837387, "delta": 0.04654214129925882}, {"date": "2023-02-07", "stability": 0.7747550999645961, "sub": {"stockCrypto": 0.9830681682437661, "traditional": 0.7272209518467844, "safeNegative": 0.4509162323073138}, "matrix": [[1, 0.9538442593918554, 0.5405067001535183, -0.9635645480262018, -0.9979941145371398], [0.9538442593918554, 1, 0.7677777698728117, -0.8401003812030534, -0.9681422219503922], [0.5405067001535183, 0.7677777698728117, 1, -0.2975320524332655, -0.5832532092352695], [-0.9635645480262018, -0.8401003812030534, -0.2975320524332655, 1, 0.9489841080952828], [-0.9979941145371398, -0.9681422219503922, -0.5832532092352695, 0.9489841080952828, 1]], "smoothed": 0.7843313935877887, "delta": 0.019546956462832332}, {"date": "2023-02-08", "stability": 0.6698980953014015, "sub": {"stockCrypto": 0.9789733285099071, "traditional": 0.613796974240162, "safeNegative": 0.4523707864889128}, "matrix": [[1, 0.9483174996466929, 0.2941488211104735, -0.968836258634641, -0.9991247658475143], [0.9483174996466929, 1, 0.5819740449338836, -0.8406468873210104, -0.9588218911723], [0.2941488211104735, 0.5819740449338836, 1, -0.04885833379427067, -0.32736656384723084], [-0.968836258634641, -0.8406468873210104, -0.04885833379427067, 1, 0.95971573358802], [-0.9991247658475143, -0.9588218911723, -0.32736656384723084, 0.95971573358802, 1]], "smoothed": 0.7635253393539001, "delta": -0.0